6,"$45,225","2014 BMW 328d xDrive","| 8,740 mi.","| 
